324172
324173
324188
324194
324216
324230
324259
324273
324275
324276
324282
324286
324296
324339
324340
324344
324361
324369
324371
324374
324465
324466
324467
324468
324494
324507
324517
324530
324534
324544
324551
324555
324577
324584
324589
324596
324597
324619
324620
324624
324647
324655
324660
324662
324678
324679
324681
324693
324704
324765
324767
324768
324793
324803
324819
324821
324843
324851
324867
324882
324897
324902
324914
324915
324917
324921
324926
324932
324933
324944
324956
324957
324966
324976
324995
325001
325002
325005
325006
325017
325064
325070
325117
325139
325140
325171
325172
325200
325205
325229
325233
325275
325276
325278
325279
325296
325332
325345
325377
325394
325404
325410
325414
325423
325427
325430
325447
325450
325479
325480
325486
325487
325500
325532
325552
325555
325820
325821
325846
325851
325871
325872
325897
325925
325926
326026
326068
326085
326284
326316
326322
326447
326770
326836
326885
326936
327013
327230
327231
327288
